accuracy: 0.9022624265804449
precision: 0.9026531673409848
recall: 0.346723044397463
roc_auc: 0.8285481494232025
neg_log_loss: -0.28386082169010146
f1: 0.5005907065580988
